bookworm asked print a table of primes larger than 1,000,000 with hash 0c8d4b16
<---- snip ---->
1,000,003 | 1,000,019 | 1,000,031 | 1,000,043 | 1,000,057 
1,000,067 | 1,000,081 | 1,000,097 | 1,000,127 | 1,000,139 
1,000,151 | 1,000,163 | 1,000,179 | 1,000,191 | 1,000,209 
1,000,221 | 1,000,233 | 1,000,247 | 1,000,263 | 1,000,271 
1,000,299 | 1,000,311 | 1,000,327 | 1,000,347 | 1,000,353 
1,000,377 | 1,000,389 | 1,000,407 | 1,000,413 | 1,000,431 
1,000,449 | 1,000,467 | 1,000,479 | 1,000,491 | 1,000,509 
1,000,521 | 1,000,539 | 1,000,557 | 1,000,577 | 1,000,593 
1,000,599 | 1,000,611 | 1,000,617 | 1,000,631 | 1,000,641 
1,000,659 | 1,000,671 | 1,000,683 | 1,000,701 | 1,000,719 
1,000,743 | 1,000,761 | 1,000,783 | 1,000,797 | 1,000,809 
1,000,831 | 1,000,837 | 1,000,857 | 1,000,873 | 1,000,887 
1,000,897 | 1,000,911 | 1,000,919 | 1,000,929 | 1,000,947
