bookworm asked using the OEIS database, generated 10 examples of cloze number sequences output with no labels with hash 64e60ffe
<---- snip ---->
25, 8, ____, 4, 16, 32, 64, 128, 256, 512
2

12, 6, ____, 3, 0.75, 0.1875, 0.046875, 0.01171875, 0.0029296875, 0.000732421875
0.5

4, 8, ____, 64, 256, 1024, 4096, 16384, 65536, 262144
32

1, 4, ____, 16, 64, 256, 1024, 4096, 16384, 65536
9

2, 4, ____, 32, 128, 512, 2048, 8192, 32768, 131072
8

20, 5, ____, 0.25, 0.03125, 0.00390625, 0.00048828125, 0.00006103515625, 0.00000762939453125, 0.00000095367431640625
0.625

2, -2, ____, -32, -128, -512, -2048, -8192, -32768, -131072
-16

1, 0.5, ____, 0.0625, 0.0078125, 0.0009765625, 0.0001220703125, 0.0000152587890625, 0.0000019073486328125, 0.0000002384185791015625
0.125

3, 6, ____, 48, 192, 768, 3072, 12288, 49152, 196608
24

7, 14, ____, 224, 896, 3584, 14336, 57344, 229376, 917504
112
