bookworm asked using the OEIS database, generated 10 examples of cloze number sequences omit bulleting  with hash a289e22c
<---- snip ---->
1. 8, 11, 14, 17, 20, 23, 26, 29, __, 35
2. 1, 3, 5, 8, 11, 14, __, 22, 26
3. 2, 4, 7, 11, 16, __, 27, 32, 37
4. 9, 11, 14, 17, 21, 25, __, 35, 39
5. 8, 12, 17, 23, __, 34, 41, 48, 55
6. 12, 17, 23, 30, __, 43, 51, 59, 67
7. 5, 8, 12, 17, __, 29, 35, 41, 47
8. 8, 13, 19, 26, 34, __, 46, 54, 62
9. 3, 8, 14, 21, __, 33, 41, 49, 57
10. 4, 9, 15, 22, __, 36, 44, 52, 60
